              precision    recall  f1-score   support

           0       0.00      0.00      0.00         1
           1       0.00      0.00      0.00         1
           2       0.00      0.00      0.00         1
           3       0.00      0.00      0.00         1
           4       0.00      0.00      0.00         2
           5       0.00      0.00      0.00         1
           6       0.00      0.00      0.00         1
           7       0.00      0.00      0.00         1
           8       0.00      0.00      0.00         1
           9       0.00      0.00      0.00         2
          10       0.00      0.00      0.00         1
          11       1.00      1.00      1.00         3
          12       0.50      0.33      0.40         3
          13       0.00      0.00      0.00         1
          14       0.00      0.00      0.00         1
          15       0.00      0.00      0.00         2
          16       0.00      0.00      0.00         1
          17       0.13      1.00      0.24         2
          18       0.00      0.00      0.00         2
          19       1.00      1.00      1.00         2
          20       1.00      0.50      0.67         2
          21       0.00      0.00      0.00         1
          22       1.00      0.50      0.67         2
          23       1.00      1.00      1.00         1
          24       1.00      1.00      1.00         1
          25       0.73      1.00      0.84         8
          26       0.50      1.00      0.67         1
          27       0.50      0.50      0.50         2
          28       1.00      1.00      1.00         1
          29       1.00      1.00      1.00         2
          30       0.00      0.00      0.00         1
          31       0.67      1.00      0.80         2
          32       0.00      0.00      0.00         2
          33       1.00      0.67      0.80         3
          34       1.00      1.00      1.00         1
          35       1.00      1.00      1.00         3
          36       0.00      0.00      0.00         2
          37       1.00      0.50      0.67         2
          38       1.00      0.50      0.67         2
          39       1.00      1.00      1.00         1
          40       0.00      0.00      0.00         1
          41       1.00      1.00      1.00         2
          42       1.00      1.00      1.00         1
          43       0.67      1.00      0.80         2
          44       0.75      1.00      0.86         3
          45       1.00      1.00      1.00         3
          46       1.00      0.50      0.67         2
          47       0.80      1.00      0.89         4
          48       1.00      1.00      1.00         3
          49       1.00      1.00      1.00         3
          50       1.00      1.00      1.00         2
          51       0.75      1.00      0.86         3
          52       1.00      1.00      1.00         3
          53       1.00      1.00      1.00         2
          54       0.86      1.00      0.92         6
          55       0.20      1.00      0.33         1
          56       1.00      0.50      0.67         2
          57       1.00      1.00      1.00         7
          58       0.75      0.75      0.75         4
          59       1.00      1.00      1.00         1
          60       1.00      1.00      1.00         2
          61       1.00      1.00      1.00         7
          62       1.00      1.00      1.00         2
          63       1.00      1.00      1.00         3
          64       0.86      1.00      0.92         6
          65       0.60      1.00      0.75         3
          66       1.00      1.00      1.00         1
          67       1.00      0.50      0.67         2
          68       1.00      1.00      1.00         1
          69       1.00      1.00      1.00         2
          70       1.00      0.67      0.80         3
          71       1.00      1.00      1.00         1
          72       1.00      0.33      0.50         3
          73       1.00      0.50      0.67         2
          74       1.00      1.00      1.00         2
          75       0.67      1.00      0.80         2
          76       1.00      0.50      0.67         4
          77       0.50      1.00      0.67         1
          78       1.00      1.00      1.00         1
          79       1.00      0.50      0.67         2
          80       0.00      0.00      0.00         1
          81       1.00      0.50      0.67         2
          82       1.00      1.00      1.00         2
          83       0.00      0.00      0.00         2
          84       1.00      1.00      1.00         2
          85       0.00      0.00      0.00         1
          86       1.00      0.67      0.80         3
          87       1.00      1.00      1.00         1
          88       1.00      1.00      1.00         7
          89       1.00      1.00      1.00         2
          90       1.00      1.00      1.00         5
          91       0.80      1.00      0.89         4
          92       0.80      1.00      0.89         4
          93       0.00      0.00      0.00         1
          94       1.00      1.00      1.00         1
          95       1.00      0.50      0.67         2
          96       1.00      0.67      0.80         3
          97       1.00      1.00      1.00         2
          98       1.00      1.00      1.00         2
          99       0.00      0.00      0.00         1
         100       1.00      0.50      0.67         2
         101       0.50      0.50      0.50         2
         102       1.00      1.00      1.00         3
         103       1.00      1.00      1.00         4
         104       0.67      0.67      0.67         9
         105       1.00      0.75      0.86         4
         106       0.00      0.00      0.00         1
         107       0.00      0.00      0.00         2
         108       0.00      0.00      0.00         1
         109       1.00      1.00      1.00         1
         110       1.00      0.75      0.86         4
         111       0.67      1.00      0.80         2
         112       0.67      1.00      0.80         2
         113       1.00      1.00      1.00         2
         114       1.00      1.00      1.00         4
         115       1.00      1.00      1.00         2
         116       1.00      0.33      0.50         3
         117       1.00      1.00      1.00         3
         118       0.50      0.50      0.50         2
         119       0.00      0.00      0.00         2
         120       0.67      1.00      0.80         2
         121       1.00      1.00      1.00         3
         122       1.00      1.00      1.00         2
         123       1.00      1.00      1.00         2
         124       0.00      0.00      0.00         1
         125       1.00      1.00      1.00         1
         126       1.00      1.00      1.00         3
         127       0.67      1.00      0.80         2
         128       1.00      0.50      0.67         2
         129       1.00      0.75      0.86         4
         130       1.00      1.00      1.00         3
         131       0.64      1.00      0.78         7
         132       1.00      1.00      1.00         3
         133       0.60      0.75      0.67         4
         134       1.00      1.00      1.00         2
         135       0.75      1.00      0.86         3
         136       1.00      1.00      1.00         3
         137       1.00      1.00      1.00         3
         138       0.75      1.00      0.86         3
         139       0.75      1.00      0.86         3
         140       1.00      1.00      1.00         2
         141       0.50      1.00      0.67         1
         142       0.75      1.00      0.86         3
         143       0.67      1.00      0.80         4
         144       1.00      1.00      1.00         2
         145       1.00      0.50      0.67         2
         146       1.00      1.00      1.00         1
         147       0.50      1.00      0.67         2
         148       0.00      0.00      0.00         1
         149       1.00      1.00      1.00         1
         150       1.00      1.00      1.00         1
         151       1.00      0.80      0.89         5
         152       0.00      0.00      0.00         2
         153       1.00      0.50      0.67         2
         154       1.00      1.00      1.00         5
         155       1.00      1.00      1.00         2
         156       0.75      1.00      0.86         3
         157       0.00      0.00      0.00         1
         158       0.50      0.67      0.57         3
         159       1.00      1.00      1.00         2
         160       1.00      1.00      1.00         2
         161       0.50      1.00      0.67         1
         162       1.00      0.67      0.80         3
         163       0.67      0.50      0.57         4
         164       0.50      1.00      0.67         2
         165       1.00      1.00      1.00         2
         166       0.75      1.00      0.86         3
         167       1.00      1.00      1.00         1
         168       1.00      1.00      1.00         2
         169       1.00      1.00      1.00         2
         170       1.00      0.50      0.67         2
         171       1.00      1.00      1.00         2
         172       1.00      1.00      1.00         3
         173       1.00      1.00      1.00         3
         174       0.75      1.00      0.86         3
         175       1.00      1.00      1.00         2
         176       1.00      0.33      0.50         3
         177       1.00      0.33      0.50         3
         178       1.00      1.00      1.00         3
         179       1.00      1.00      1.00         2
         180       1.00      0.75      0.86         4
         181       0.50      1.00      0.67         1
         182       0.86      1.00      0.92         6
         183       0.60      1.00      0.75         3
         184       1.00      1.00      1.00         4
         185       1.00      1.00      1.00         2
         186       0.00      0.00      0.00         1
         187       1.00      1.00      1.00         4
         188       0.00      0.00      0.00         1
         189       0.00      0.00      0.00         1
         190       1.00      0.67      0.80         3
         191       0.91      1.00      0.95        10
         192       1.00      0.50      0.67         2
         193       1.00      1.00      1.00         1
         194       1.00      1.00      1.00         6
         195       1.00      1.00      1.00         2
         196       1.00      1.00      1.00         1
         197       0.75      1.00      0.86         3
         198       0.80      1.00      0.89         4
         199       0.67      1.00      0.80         2
         200       1.00      1.00      1.00         3
         201       0.40      0.67      0.50         3
         202       1.00      0.33      0.50         3
         203       1.00      1.00      1.00         3
         204       0.50      0.50      0.50         2
         205       1.00      0.33      0.50         3
         206       1.00      0.67      0.80         3
         207       1.00      1.00      1.00         1
         208       1.00      1.00      1.00         4
         209       0.75      1.00      0.86         3
         210       0.00      0.00      0.00         1
         211       0.75      1.00      0.86         3
         212       0.75      1.00      0.86         3
         213       1.00      1.00      1.00         3
         214       1.00      0.67      0.80         3
         215       1.00      1.00      1.00         3
         216       1.00      1.00      1.00         1
         217       1.00      1.00      1.00         2
         218       0.00      0.00      0.00         1
         219       1.00      0.50      0.67         2
         220       1.00      1.00      1.00         3
         221       1.00      1.00      1.00         2
         222       1.00      0.50      0.67         2
         223       1.00      0.75      0.86         4
         224       1.00      1.00      1.00         3
         225       1.00      1.00      1.00         2
         226       1.00      1.00      1.00         2
         227       1.00      1.00      1.00         3
         228       0.50      1.00      0.67         1
         229       1.00      0.67      0.80         3
         230       0.80      1.00      0.89         4
         231       0.60      1.00      0.75         3
         232       1.00      1.00      1.00         2
         233       1.00      1.00      1.00         4
         234       1.00      0.67      0.80         6
         235       0.89      1.00      0.94         8
         236       1.00      0.50      0.67         2
         237       0.67      1.00      0.80         2
         238       1.00      1.00      1.00         5
         239       1.00      1.00      1.00         2
         240       0.75      0.75      0.75         4
         241       0.00      0.00      0.00         1
         242       1.00      0.50      0.67         2
         243       0.50      1.00      0.67         1
         244       1.00      1.00      1.00         2
         245       1.00      1.00      1.00         3
         246       0.67      1.00      0.80         2
         247       1.00      0.33      0.50         3
         248       0.75      1.00      0.86         3
         249       1.00      1.00      1.00         2
         250       1.00      1.00      1.00         2
         251       1.00      1.00      1.00         3
         252       0.80      1.00      0.89         4
         253       0.00      0.00      0.00         1
         254       1.00      0.33      0.50         3
         255       0.00      0.00      0.00         2
         256       0.67      1.00      0.80         2
         257       1.00      0.50      0.67         2
         258       1.00      1.00      1.00         2
         259       1.00      1.00      1.00         2
         260       1.00      1.00      1.00         1
         261       0.00      0.00      0.00         1
         262       1.00      0.50      0.67         2
         263       1.00      0.50      0.67         2
         264       0.50      0.50      0.50         2
         265       0.60      1.00      0.75         3
         266       1.00      1.00      1.00         1
         267       1.00      1.00      1.00         2
         268       0.80      1.00      0.89         4
         269       1.00      1.00      1.00         4
         270       1.00      0.67      0.80         3
         271       1.00      0.50      0.67         2
         272       0.50      1.00      0.67         1
         273       1.00      1.00      1.00         2
         274       1.00      0.67      0.80         3
         275       1.00      1.00      1.00         3
         276       0.50      1.00      0.67         3
         277       1.00      1.00      1.00         2
         278       1.00      1.00      1.00         1
         279       0.58      1.00      0.74         7
         280       1.00      0.60      0.75         5
         281       0.67      1.00      0.80         2
         282       0.67      1.00      0.80         2
         283       0.50      1.00      0.67         1
         284       1.00      1.00      1.00         1
         285       0.00      0.00      0.00         2
         286       1.00      1.00      1.00         1
         287       1.00      1.00      1.00         1
         288       1.00      1.00      1.00         1
         289       0.00      0.00      0.00         1
         290       0.83      1.00      0.91         5
         291       1.00      1.00      1.00         1
         292       1.00      1.00      1.00         3
         293       1.00      0.75      0.86         4
         294       1.00      1.00      1.00         4
         295       1.00      1.00      1.00         2
         296       1.00      1.00      1.00         5
         297       1.00      1.00      1.00         4
         298       0.00      0.00      0.00         1
         299       0.00      0.00      0.00         2
         300       0.00      0.00      0.00         2
         301       0.75      1.00      0.86         3
         302       0.75      1.00      0.86         3
         303       0.50      1.00      0.67         1
         304       1.00      0.67      0.80         3
         305       1.00      1.00      1.00         3
         306       1.00      1.00      1.00         3
         307       1.00      0.50      0.67         2
         308       1.00      1.00      1.00         1
         309       1.00      0.67      0.80         3
         310       0.50      1.00      0.67         4
         311       0.00      0.00      0.00         1
         312       0.00      0.00      0.00         2
         313       1.00      0.67      0.80         3
         314       0.00      0.00      0.00         1
         315       0.75      1.00      0.86         3
         316       0.00      0.00      0.00         1
         317       0.75      1.00      0.86         3
         318       1.00      1.00      1.00         2
         319       1.00      1.00      1.00         1
         320       1.00      1.00      1.00         2
         321       0.92      1.00      0.96        12
         322       1.00      1.00      1.00         1
         323       1.00      1.00      1.00         1
         324       1.00      1.00      1.00         2
         325       1.00      1.00      1.00         1
         326       0.82      1.00      0.90         9
         327       1.00      1.00      1.00         1
         328       0.75      1.00      0.86         3
         329       0.67      1.00      0.80         2
         330       0.75      1.00      0.86         3
         331       0.67      1.00      0.80         2
         332       1.00      1.00      1.00         1
         333       1.00      1.00      1.00         3
         334       1.00      1.00      1.00         1
         335       1.00      1.00      1.00         2
         336       1.00      1.00      1.00         1
         337       0.00      0.00      0.00         1
         338       1.00      1.00      1.00         3
         339       1.00      1.00      1.00         2
         340       1.00      1.00      1.00         1
         341       0.89      1.00      0.94         8
         342       1.00      1.00      1.00         1
         343       1.00      1.00      1.00         3
         344       1.00      1.00      1.00         3
         345       1.00      1.00      1.00         1
         346       0.00      0.00      0.00         1
         347       1.00      1.00      1.00         3
         348       1.00      1.00      1.00         2
         349       1.00      1.00      1.00         1
         350       1.00      1.00      1.00         1
         351       0.00      0.00      0.00         1
         352       1.00      1.00      1.00         3
         353       1.00      1.00      1.00         3
         354       1.00      1.00      1.00         1
         355       1.00      1.00      1.00         1
         356       0.75      1.00      0.86         3
         357       0.75      1.00      0.86         3
         358       0.00      0.00      0.00         1
         359       1.00      0.50      0.67         4
         360       1.00      1.00      1.00         1
         361       1.00      1.00      1.00         1
         362       1.00      1.00      1.00         1
         363       1.00      0.67      0.80         3
         364       1.00      1.00      1.00         1
         365       0.00      0.00      0.00         2
         366       0.00      0.00      0.00         1
         367       0.00      0.00      0.00         1
         368       1.00      0.20      0.33         5
         369       0.00      0.00      0.00         1
         370       0.00      0.00      0.00         1
         371       0.00      0.00      0.00         1
         372       0.12      0.50      0.20         2
         373       1.00      0.75      0.86         4
         374       1.00      1.00      1.00         1
         375       0.00      0.00      0.00         2
         376       0.00      0.00      0.00         2
         377       0.00      0.00      0.00         1
         378       0.00      0.00      0.00         1
         379       0.00      0.00      0.00         1
         380       0.50      0.50      0.50         2
         381       0.00      0.00      0.00         1
         382       0.00      0.00      0.00         1
         383       0.60      1.00      0.75         6
         384       0.00      0.00      0.00         1
         385       0.25      1.00      0.40         2
         386       0.00      0.00      0.00         1
         387       0.67      1.00      0.80         4
         388       1.00      1.00      1.00         2
         389       0.50      1.00      0.67         1
         390       0.50      0.67      0.57         3
         391       1.00      1.00      1.00         1
         392       1.00      0.50      0.67         2
         393       0.00      0.00      0.00         2
         394       0.00      0.00      0.00         1
         395       0.00      0.00      0.00         2
         396       0.00      0.00      0.00         1
         397       0.33      1.00      0.50         1
         398       0.00      0.00      0.00         1
         399       1.00      1.00      1.00         1
         400       0.00      0.00      0.00         1
         401       1.00      1.00      1.00         1
         402       1.00      1.00      1.00         3
         403       0.75      0.75      0.75         4
         404       0.00      0.00      0.00         2
         405       0.75      1.00      0.86         3
         406       1.00      1.00      1.00         2
         407       0.00      0.00      0.00         1
         408       1.00      1.00      1.00         1
         409       1.00      1.00      1.00         1
         410       1.00      0.67      0.80         3
         411       0.50      1.00      0.67         1
         412       1.00      0.50      0.67         2
         413       1.00      1.00      1.00         3
         414       0.00      0.00      0.00         1
         415       1.00      1.00      1.00         2
         416       1.00      1.00      1.00         1
         417       0.00      0.00      0.00         1
         418       0.00      0.00      0.00         2
         419       0.50      1.00      0.67         2
         420       0.00      0.00      0.00         2
         421       0.75      1.00      0.86         3
         422       0.00      0.00      0.00         1
         423       0.00      0.00      0.00         1
         424       0.67      1.00      0.80         2
         425       0.00      0.00      0.00         2
         426       1.00      1.00      1.00         1
         427       1.00      1.00      1.00         1
         428       0.67      0.67      0.67         3
         429       1.00      1.00      1.00         1
         430       0.67      1.00      0.80         4
         431       1.00      1.00      1.00         2
         432       0.00      0.00      0.00         1
         433       1.00      1.00      1.00         1
         434       1.00      1.00      1.00         3
         435       0.00      0.00      0.00         1
         436       0.00      0.00      0.00         2
         437       1.00      1.00      1.00         2
         438       1.00      1.00      1.00         1
         439       1.00      1.00      1.00         1
         440       1.00      0.50      0.67         2
         441       0.00      0.00      0.00         1
         442       0.88      1.00      0.93         7
         443       0.50      1.00      0.67         1
         444       0.00      0.00      0.00         1
         445       1.00      1.00      1.00         1
         446       0.00      0.00      0.00         1
         447       0.00      0.00      0.00         1
         448       1.00      1.00      1.00         1
         449       0.00      0.00      0.00         1
         450       1.00      1.00      1.00         3
         451       0.00      0.00      0.00         1
         452       1.00      1.00      1.00         1
         453       1.00      1.00      1.00         1
         454       1.00      1.00      1.00         1
         455       1.00      1.00      1.00         2
         456       1.00      1.00      1.00         3
         457       1.00      1.00      1.00         1
         458       0.00      0.00      0.00         1
         459       1.00      1.00      1.00         2
         460       1.00      1.00      1.00         2
         461       1.00      1.00      1.00         2
         462       1.00      1.00      1.00         2
         463       1.00      1.00      1.00         4
         464       1.00      1.00      1.00         1
         465       1.00      1.00      1.00         1
         466       1.00      1.00      1.00         2
         467       1.00      1.00      1.00         3
         468       1.00      1.00      1.00         2
         469       1.00      0.50      0.67         2
         470       1.00      1.00      1.00         2
         471       1.00      0.50      0.67         2
         472       0.00      0.00      0.00         1
         473       0.00      0.00      0.00         1
         474       1.00      1.00      1.00         1
         475       0.50      1.00      0.67         1
         476       0.00      0.00      0.00         1
         477       1.00      1.00      1.00         2
         478       1.00      1.00      1.00         4
         479       1.00      1.00      1.00         9
         480       0.50      1.00      0.67         1
         481       1.00      1.00      1.00         2
         482       0.00      0.00      0.00         1
         483       1.00      0.75      0.86         4
         484       0.90      1.00      0.95         9
         485       1.00      1.00      1.00         5
         486       1.00      0.50      0.67         2
         487       1.00      0.50      0.67         2
         488       1.00      1.00      1.00         1
         489       0.50      1.00      0.67         1
         490       1.00      0.67      0.80         3
         491       0.00      0.00      0.00         1
         492       1.00      1.00      1.00         2
         493       1.00      1.00      1.00         1
         494       0.00      0.00      0.00         1
         495       0.00      0.00      0.00         1
         496       1.00      0.33      0.50         3
         497       0.00      0.00      0.00         1
         498       0.60      1.00      0.75         3
         499       1.00      1.00      1.00         1
         500       1.00      0.50      0.67         2
         501       0.00      0.00      0.00         1
         502       0.00      0.00      0.00         1
         503       0.00      0.00      0.00         1
         504       0.00      0.00      0.00         1
         505       1.00      1.00      1.00         1
         506       1.00      1.00      1.00         1
         507       0.62      1.00      0.77         5
         508       1.00      1.00      1.00        17
         509       1.00      1.00      1.00         1
         510       1.00      1.00      1.00         1
         511       1.00      1.00      1.00         2
         512       0.89      1.00      0.94         8
         513       1.00      1.00      1.00         3
         514       1.00      1.00      1.00         2
         515       1.00      1.00      1.00         3
         516       0.75      1.00      0.86         3
         517       1.00      1.00      1.00         4
         518       0.89      1.00      0.94        16
         519       0.00      0.00      0.00         2
         520       0.00      0.00      0.00         1
         521       0.33      1.00      0.50         2
         522       0.67      1.00      0.80         2
         523       1.00      1.00      1.00         4
         524       0.60      1.00      0.75         3
         525       1.00      1.00      1.00         1
         526       0.20      1.00      0.33         1
         527       0.14      1.00      0.25         1
         528       0.67      1.00      0.80         2
         529       0.75      1.00      0.86         3
         530       1.00      1.00      1.00         1
         531       1.00      1.00      1.00         1
         532       1.00      1.00      1.00         2
         533       1.00      1.00      1.00         2
         534       1.00      1.00      1.00         2
         535       0.00      0.00      0.00         1
         536       0.00      0.00      0.00         1
         537       0.00      0.00      0.00         1
         538       0.50      1.00      0.67         1
         539       1.00      1.00      1.00         3
         540       0.86      1.00      0.92         6
         541       0.00      0.00      0.00         1
         542       1.00      1.00      1.00         2
         543       0.50      1.00      0.67         1
         544       0.25      1.00      0.40         1
         545       0.75      1.00      0.86         3
         546       0.00      0.00      0.00         1
         547       0.00      0.00      0.00         2
         548       0.80      1.00      0.89         4
         549       0.00      0.00      0.00         1
         550       0.00      0.00      0.00         1
         551       0.43      0.30      0.35        10
         552       0.62      1.00      0.77         5
         553       0.50      1.00      0.67         3
         554       0.00      0.00      0.00         1
         555       0.33      1.00      0.50         1
         556       1.00      1.00      1.00         1
         557       0.67      1.00      0.80         2
         558       0.88      1.00      0.93         7
         559       1.00      1.00      1.00         1
         560       1.00      1.00      1.00         1
         561       0.00      0.00      0.00         1
         562       1.00      1.00      1.00         1
         563       1.00      1.00      1.00         1
         564       1.00      1.00      1.00         1
         565       1.00      1.00      1.00         1
         566       1.00      0.67      0.80         3
         567       0.67      1.00      0.80         2
         568       1.00      1.00      1.00         3
         569       1.00      1.00      1.00         3
         570       0.00      0.00      0.00         1
         571       1.00      1.00      1.00         2
         572       0.00      0.00      0.00         1
         573       1.00      1.00      1.00         6
         574       0.00      0.00      0.00         1
         575       0.50      1.00      0.67         2
         576       0.85      1.00      0.92        11
         577       0.50      1.00      0.67         1
         578       1.00      1.00      1.00         1
         579       1.00      1.00      1.00         1
         580       1.00      0.75      0.86         4
         581       1.00      1.00      1.00         2
         582       1.00      1.00      1.00         2
         583       0.00      0.00      0.00         2
         584       1.00      1.00      1.00         1
         585       0.50      0.50      0.50         2
         586       0.00      0.00      0.00         1
         587       0.00      0.00      0.00         1
         588       1.00      1.00      1.00         2
         589       1.00      1.00      1.00         6
         590       0.88      1.00      0.93         7
         591       1.00      1.00      1.00         2
         592       0.00      0.00      0.00         1
         593       0.75      1.00      0.86         3
         594       1.00      1.00      1.00         5
         595       1.00      1.00      1.00         1
         596       1.00      1.00      1.00         1
         597       0.00      0.00      0.00         3
         598       0.00      0.00      0.00         1
         599       0.75      1.00      0.86         3
         600       1.00      1.00      1.00         2
         601       1.00      1.00      1.00         3
         602       1.00      0.50      0.67         2
         603       0.75      1.00      0.86         3
         604       1.00      1.00      1.00         1
         605       1.00      1.00      1.00         2
         606       1.00      0.50      0.67         2
         607       0.00      0.00      0.00         1
         608       1.00      1.00      1.00         9
         609       0.50      1.00      0.67         2
         610       0.29      1.00      0.44         2
         611       0.00      0.00      0.00         1
         612       1.00      0.67      0.80         3
         613       0.18      1.00      0.31         2
         614       0.00      0.00      0.00         1
         615       0.00      0.00      0.00         2
         616       1.00      1.00      1.00         1
         617       0.00      0.00      0.00         1
         618       0.75      1.00      0.86         3
         619       0.89      1.00      0.94         8
         620       1.00      1.00      1.00         1
         621       0.60      1.00      0.75         3
         622       1.00      0.67      0.80         3
         623       1.00      1.00      1.00         3
         624       0.80      0.80      0.80         5
         625       1.00      1.00      1.00         2
         626       0.00      0.00      0.00         1
         627       1.00      0.50      0.67         2
         628       0.33      1.00      0.50         1
         629       1.00      0.67      0.80         3
         630       1.00      1.00      1.00         1
         631       1.00      1.00      1.00         3
         632       1.00      1.00      1.00         5
         633       1.00      1.00      1.00         2
         634       1.00      1.00      1.00         1
         635       1.00      1.00      1.00         1
         636       0.75      1.00      0.86         3
         637       1.00      1.00      1.00         1
         638       0.00      0.00      0.00         1
         639       1.00      1.00      1.00         3
         640       1.00      1.00      1.00         2
         641       0.60      1.00      0.75         3
         642       0.80      1.00      0.89         4
         643       1.00      1.00      1.00         3
         644       1.00      1.00      1.00         3
         645       1.00      1.00      1.00         1
         646       0.00      0.00      0.00         1
         647       0.00      0.00      0.00         3
         648       1.00      1.00      1.00         2
         649       0.00      0.00      0.00         2
         650       0.00      0.00      0.00         1
         651       1.00      1.00      1.00         1
         652       1.00      1.00      1.00         1
         653       0.00      0.00      0.00         2
         654       0.71      1.00      0.83         5
         655       1.00      1.00      1.00         2
         656       1.00      1.00      1.00         4
         657       1.00      0.67      0.80         3
         658       0.00      0.00      0.00         2
         659       0.67      1.00      0.80         4
         660       0.80      0.89      0.84         9
         661       0.75      1.00      0.86         3
         662       1.00      1.00      1.00         2
         663       1.00      1.00      1.00         6
         664       1.00      1.00      1.00         5
         665       0.90      0.90      0.90        10
         666       0.67      1.00      0.80         2
         667       1.00      1.00      1.00         3
         668       1.00      1.00      1.00         3
         669       1.00      1.00      1.00         2
         670       1.00      1.00      1.00         3
         671       0.67      1.00      0.80         4
         672       1.00      1.00      1.00         5
         673       0.50      1.00      0.67         2
         674       0.75      1.00      0.86         3
         675       0.60      1.00      0.75         3
         676       1.00      1.00      1.00         3
         677       1.00      1.00      1.00         1
         678       1.00      1.00      1.00         6
         679       1.00      1.00      1.00         1
         680       1.00      1.00      1.00         3
         681       0.75      1.00      0.86         3
         682       0.00      0.00      0.00         1
         683       1.00      1.00      1.00         2
         684       0.67      1.00      0.80         2
         685       1.00      1.00      1.00         3
         686       1.00      0.50      0.67         2
         687       1.00      0.75      0.86         4
         688       0.00      0.00      0.00         1
         689       1.00      1.00      1.00         3
         690       0.50      1.00      0.67         2
         691       1.00      1.00      1.00         3
         692       0.50      1.00      0.67         1
         693       0.00      0.00      0.00         1
         694       1.00      1.00      1.00         8
         695       1.00      1.00      1.00         2
         696       1.00      1.00      1.00         2
         697       1.00      1.00      1.00         2
         698       1.00      1.00      1.00         6
         699       0.50      0.50      0.50         2
         700       1.00      1.00      1.00         2
         701       1.00      1.00      1.00         1
         702       0.75      0.75      0.75         4
         703       0.79      1.00      0.88        11
         704       0.57      1.00      0.73         4
         705       1.00      1.00      1.00         3
         706       1.00      1.00      1.00         1
         707       1.00      0.50      0.67         2
         708       1.00      1.00      1.00         2
         709       1.00      1.00      1.00         8
         710       0.75      1.00      0.86         3
         711       1.00      1.00      1.00         1
         712       0.00      0.00      0.00         1
         713       1.00      0.83      0.91         6
         714       1.00      1.00      1.00         2
         715       0.67      1.00      0.80         2
         716       0.00      0.00      0.00         1
         717       1.00      0.50      0.67         2
         718       0.50      0.50      0.50         2
         719       0.67      1.00      0.80         4
         720       1.00      1.00      1.00         1
         721       1.00      0.50      0.67         2
         722       1.00      0.67      0.80         3
         723       1.00      0.67      0.80         3
         724       0.75      0.75      0.75         4
         725       1.00      1.00      1.00         1
         726       0.80      0.67      0.73         6
         727       1.00      1.00      1.00         3
         728       0.76      0.89      0.82        18
         729       1.00      1.00      1.00         1
         730       1.00      0.67      0.80         3
         731       1.00      0.67      0.80         3
         732       0.91      1.00      0.95        10
         733       0.00      0.00      0.00         1
         734       1.00      1.00      1.00         5
         735       0.67      1.00      0.80         2
         736       0.83      1.00      0.91         5
         737       0.75      1.00      0.86         3
         738       1.00      1.00      1.00         3
         739       0.00      0.00      0.00         2
         740       0.60      1.00      0.75         3
         741       1.00      1.00      1.00         7
         742       0.80      1.00      0.89         4
         743       0.50      1.00      0.67         2
         744       1.00      0.50      0.67         2
         745       1.00      0.75      0.86         4
         746       1.00      1.00      1.00         2
         747       1.00      1.00      1.00         2
         748       1.00      1.00      1.00         1
         749       0.80      1.00      0.89         4
         750       0.33      0.50      0.40         2
         751       0.67      1.00      0.80         2
         752       1.00      1.00      1.00         2
         753       1.00      1.00      1.00         1
         754       1.00      1.00      1.00         2
         755       1.00      1.00      1.00         5
         756       1.00      1.00      1.00         2
         757       1.00      1.00      1.00         1
         758       1.00      1.00      1.00         1
         759       0.00      0.00      0.00         1

    accuracy                           0.82      1874
   macro avg       0.71      0.73      0.70      1874
weighted avg       0.80      0.82      0.79      1874
